
=================================================================
  ABLATION RESULTS SUMMARY
---------------------------------------------------------------------------------------------------------------------
Label                                   D    H    L    E     Params   Raw-F1      ±   HMM-F1      ±    kappa      MCC
---------------------------------------------------------------------------------------------------------------------
D_MODEL=384                           384   12   12    4 17,352,248   0.5990 0.1644   0.7078 0.1811   0.7129   0.7650
N_HEADS=2                             768    2   12    4 68,766,776   0.6065 0.1879   0.6743 0.2641   0.6339   0.6832
N_HEADS=4                             768    4   12    4 68,766,776   0.6264 0.1566   0.7473 0.1922   0.7264   0.7792
N_HEADS=6                             768    6   12    4 68,766,776   0.6319 0.1231   0.7460 0.0777   0.7358   0.7870
N_HEADS=8                             768    8   12    4 68,766,776   0.6392 0.1311   0.7316 0.1945   0.6954   0.7549
N_LAYERS=2                            768   12    2    4 33,223,726   0.6421 0.1436   0.7387 0.1761   0.7293   0.7825
N_LAYERS=4                            768   12    4    4 40,332,336   0.6482 0.1568   0.7047 0.1459   0.6995   0.7548
N_LAYERS=6                            768   12    6    4 47,440,946   0.6310 0.1598   0.7281 0.1777   0.7133   0.7677
N_LAYERS=8                            768   12    8    4 54,549,556   0.6591 0.1297   0.7945 0.1338   0.7765   0.8267
N_EXPERTS=5(=N_CLASSES)               768   12   12    5 73,491,514   0.6289 0.1423   0.6826 0.1740   0.6615   0.7246
BASELINE                              768   12   12    4 68,766,776   0.6260 0.1753   0.7161 0.1935   0.6914   0.7440
---------------------------------------------------------------------------------------------------------------------
